35307912
15136725
9668197
26958318
149221
35751712
36253846
30550818
27044682
6869312
27515399
955589
4009636
5235345
3562321
22389327
20373276
23439994
27994169
38174763
24834841
27783316
22683107
6609233
33195056
30864821
24707524
16820232
8027967
28237368
1802578
18048436
26629316
18765254
22213710
19169436
31960979
16329121
33432060
10586942
12571594
25208685
18896627
23271074
38168420
34454222
8387915
18374130
33988128
18726394
35470586
23328702
12101859
35407309
23589470
34581954
9179315
26362297
35965822
31182456
12445880
37000935
1212675
9790226
29126369
9080175
23410910
35102591
36253097
38240506
39066312
26111680
34255686
12382922
17087990
1352008
29894963
26137426
18344848
16385560
2634849
29592869
2020562
27405139
3942894
23834589
16900168
33565459
12213117
5431929
23046167
28390877
643631
17598226
30940803
11760127
18082085
7144936
37289118
8023049
34990076
30652127
4001478
19006724
26857894
36377458
14557305
96034
21337019
19650221
28303569
147828
7926959
29607937
6904195
20551001
20113533
2036529
34732742
6241320
34504068
35424429
4820680
6327983
18421435
4664561
34095612
8849691
2801542
34154192
5516152
2874025
2508353
24213912
37595324
16915070
10435971
17867223
6819347
1966839
7389602
21635899
19955312
21992394
25601914
2738320
17217013
36800261
25881054
16948162
19923005
14628198
13374787
30554451
16210487
17450027
14880372
22825615
4502800
26477897
7454344
20328597
13952515
19538089
7347500
15912698
5351669
28302964
17781578
6782192
28745718
15997373
30405372
33277447
29253866
15028688
39133620
33321479
1967230
4207115
35737516
34097462
19262933
223508
10622921
29517516
31934915
32285387
9128262
28224377
10014406
20441955
28374912
16429235
32074417
105121
32138967
33459878
13021680
10686757
