35307912
15136725
9668197
26958318
149221
35751712
36253846
30550818
27044682
6869312
27515399
955589
4009636
5235345
3562321
22389327
20373276
23439994
27994169
38174763
24834841
27783316
22683107
6609233
33195056
30864821
24707524
16820232
8027967
28237368
1802578
18048436
26629316
18765254
22213710
19169436
31960979
16329121
33432060
10586942
12571594
25208685
18896627
23271074
38168420
34454222
8387915
18374130
33988128
18726394
35470586
23328702
12101859
35407309
23589470
34581954
9179315
26362297
35965822
31182456
12445880
37000935
1212675
9790226
29126369
9080175
23410910
35102591
36253097
38240506
39066312
26111680
34255686
12382922
17087990
1352008
29894963
26137426
18344848
16385560
2634849
29592869
2020562
27405139
3942894
23834589
16900168
33565459
12213117
5431929
23046167
28390877
643631
17598226
30940803
11760127
18082085
7144936
37289118
8023049
34990076
30652127
4001478
19006724
26857894
36377458
14557305
96034
21337019
19650221
28303569
147828
7926959
29607937
6904195
20551001
20113533
2036529
34732742
6241320
34504068
35424429
4820680
6327983
18421435
4664561
34095612
8849691
2801542
34154192
5516152
2874025
2508353
24213912
37595324
16915070
10435971
17867223
6819347
1966839
7389602
21635899
19955312
21992394
25601914
2738320
17217013
36800261
25881054
16948162
19923005
14628198
13374787
30554451
16210487
17450027
14880372
22825615
4502800
26477897
7454344
20328597
13952515
19538089
7347500
15912698
5351669
28302964
17781578
6782192
28745718
15997373
30405372
33277447
29253866
15028688
39133620
33321479
1967230
4207115
35737516
34097462
19262933
223508
10622921
29517516
31934915
32285387
9128262
28224377
10014406
20441955
28374912
16429235
32074417
105121
32138967
33459878
13021680
10686757
3507296
2374241
4498057
20517552
20073263
17693745
29335450
20531298
16904553
20314706
2772667
13695419
1946318
7363388
18951694
21644432
12201303
36514992
17505466
7869678
8456611
31270385
38319808
14476521
7501384
37764846
8141456
19744345
26477670
34355339
36766491
29014846
20778323
12960470
26296908
17050678
35805689
33559895
21907539
18735252
22677739
25088995
31776494
34955737
30284088
9640904
2155495
12315487
33647684
36208600
22607629
29376330
30120309
5896128
39076848
9059062
25627050
3891026
33637797
35333803
29010930
259406
698584
15845238
13488572
6395101
4906847
5669266
10380957
11723517
13405573
37940564
24191856
22481034
19893037
28770031
15194377
25451412
30480885
11818594
11836163
38769345
24499298
1465882
19359959
11370991
25868101
37602501
13206769
19392935
16474933
21994312
7178373
7572927
27887922
21924969
20754102
31286187
5915819
21448588
